
Principal inertias (eigenvalues):

 dim    value      %   cum%   scree plot               
 1      0.000374  59.6  59.6  ***************          
 2      0.000143  22.8  82.5  ******                   
 3      6.1e-050   9.8  92.2  **                       
 4      3.5e-050   5.6  97.8  *                        
 5      1.4e-050   2.2 100.0  *                        
        -------- -----                                 
 Total: 0.000627 100.0                                 


Rows:
    name   mass  qlt  inr    k=1 cor ctr    k=2 cor ctr  
1 |    A |  126  963   73 |  -19 952 117 |   -2  11   3 |
2 |    A |  125  973  179 |   14 224  67 |  -26 750 589 |
3 |   AB |  125  862  112 |   19 676 127 |   10 186  91 |
4 |   AB |  125  970  218 |  -32 921 337 |   -7  49  47 |
5 |    B |  125    7   64 |    1   5   1 |    1   2   1 |
6 |    B |  125  877  205 |   30 862 296 |    4  15  13 |
7 |    O |  124   91   36 |   -2  12   1 |    4  79  12 |
8 |    O |  125  783  113 |  -13 290  55 |   17 493 243 |

Columns:
    name   mass  qlt  inr    k=1 cor ctr    k=2 cor ctr  
1 | Arth |  168  953  187 |   10 147  46 |   24 806 659 |
2 | Asth |  165  802  153 |  -21 790 202 |    3  11   8 |
3 | Cncr |  166  905  218 |   27 884 324 |   -4  21  20 |
4 | Dbts |  168  591  115 |    4  43   8 |  -15 548 277 |
5 | Hypr |  167  927  247 |  -29 925 383 |   -1   2   2 |
6 | Obst |  166  373   80 |    9 274  37 |   -5 100  35 |
